var latlang = [
            [
            [85.43341577772938, 27.673980267915436],
              [85.433285590630959, 27.673904892643304],
              [85.433002965151928, 27.673659642723592],
              [85.432614652387926, 27.6734718929631],
              [85.432420715075622, 27.673417517760779],
              [85.432225590828452, 27.673266142803755],
              [85.432099090079774, 27.673384767979044],
              [85.431783589892689, 27.673676768108123],
              [85.43165909004307, 27.673892330720442],
              [85.431575965266646, 27.674026392819808],
              [85.431427965208968, 27.674145205622963],
              [85.431086215891895, 27.674169080613343],
              [85.430915152407934, 27.674173080195693],
              [85.430682965653673, 27.674349267634259],
              [85.430706340064532, 27.674484330339876],
              [85.430483527652271, 27.675179268109112],
              [85.430764653030039, 27.675309455815722],
              [85.431021903163099, 27.675363205330097],
              [85.431089152785617, 27.675515955492084],
              [85.430984777425721, 27.675672642569975],
              [85.430577840323522, 27.675658830460673],
              [85.430255465673554, 27.675569642941404],
              [85.430126902595063, 27.675570955099069],
              [85.430021715210302, 27.675669080576931],
              [85.429945277484492, 27.676170705071478],
              [85.429840964934911, 27.677500642918464],
              [85.429644715667791, 27.678484018114855],
              [85.429592964947204, 27.679177205125008],
              [85.429469528303528, 27.679428892578841],
              [85.429791715701711, 27.679502267598924],
              [85.430135215550564, 27.679555080791101],
              [85.430393652455095, 27.679647205413605],
              [85.430907278257848, 27.679637392956156],
              [85.431333215341056, 27.679554017909176],
              [85.431926715560934, 27.679198142962452],
              [85.432181903202391, 27.679136830414706],
              [85.432524527942761, 27.679131080205238],
              [85.433212465456648, 27.679313455407126],
              [85.433472027882175, 27.67944383082764],
              [85.433535965825286, 27.679443205136682],
              [85.433902278316594, 27.679590580407389],
              [85.434503653229058, 27.679697143005672],
              [85.435018152445366, 27.679748205503685],
              [85.435363214900192, 27.679875455735274],
              [85.435731902886445, 27.680160393237198],
              [85.435888715300777, 27.680522018422977],
              [85.435940465544746, 27.681040330335062],
              [85.435900965203047, 27.681214517694531],
              [85.435889464983916, 27.681735767578381],
              [85.435665215068681, 27.682374268137139],
              [85.435607652536362, 27.682720080148659],
              [85.435657278023811, 27.683123392834212],
              [85.435902277626255, 27.683639767770718],
              [85.436121528091078, 27.683926267871147],
              [85.436233590004832, 27.684211580549011],
              [85.436258652654857, 27.684385080272897],
              [85.436219840271733, 27.684615580824858],
              [85.436493590707926, 27.68553545549473],
              [85.436647402479508, 27.685763955062171],
              [85.43695109047448, 27.685970643128726],
              [85.437277965018069, 27.686253767563482],
              [85.437497527826793, 27.686519955553113],
              [85.437633153168136, 27.686863705593343],
              [85.437643777567914, 27.687384768316363],
              [85.437586215568203, 27.687730517644013],
              [85.437614215538531, 27.688077643415184],
              [85.437659402624078, 27.688192267829951],
              [85.437835465421287, 27.688420580507678],
              [85.437945277595816, 27.688532205467656],
              [85.438268090097182, 27.688605580348415],
              [85.438571902877015, 27.688773830775894],
              [85.43856696583282, 27.688541518051633],
              [85.438454964998542, 27.688312580571125],
              [85.438293465199806, 27.68773895558547],
              [85.437975403278045, 27.68681951812917],
              [85.437636527736913, 27.685961268332949],
              [85.437630840459448, 27.685672518417533],
              [85.437539652815843, 27.685384705139509],
              [85.437513027485977, 27.685096205328811],
              [85.43730465255959, 27.684234330804813],
              [85.437276653310192, 27.683887143365791],
              [85.437161715142665, 27.683428142994352],
              [85.437085590724436, 27.68279495567759],
              [85.436923277992861, 27.682104017898926],
              [85.436811840265037, 27.681875080886851],
              [85.436719090364264, 27.681472142646797],
              [85.436609152854288, 27.681299642819415],
              [85.436519340625011, 27.681070455603908],
              [85.436431652392855, 27.680956268412217],
              [85.436074590332467, 27.680154580264396],
              [85.435592464943795, 27.679525642693005],
              [85.435459528021454, 27.679296893224471],
              [85.435066777392677, 27.678861017611357],
              [85.433631465791436, 27.677632830087905],
              [85.433368465476093, 27.677290393292107],
              [85.433103340092913, 27.676832893369138],
              [85.432991277638777, 27.676545268140998],
              [85.432986965485497, 27.676315205892781],
              [85.433028965650038, 27.676276393286706],
              [85.433456652856606, 27.676231393068107],
              [85.433520090104125, 27.676190142698722],
              [85.433540277446184, 27.676133518316213],
              [85.433404465744573, 27.675731080216472],
              [85.433285215078669, 27.675039705684579],
              [85.433315403193546, 27.674346768108215],
              [85.43341577772938, 27.673980267915436],
            ],
          ];
          var multiPolygonOptions = {color:'red', weight:8};      
    var ward1 = L.multiPolygon(latlang , multiPolygonOptions);
    ward1.addTo(map);